NODE,   -10,  0.0,    2,  2,  2
NODE,   -10,  20,   1,  1,  1
NODE,   10,  20,   1,  1,  1
NODE,   10,   0.0,    2,  2,  2
---
BEAM,   1,  2,  2, 2,  1
BEAM,   2,  3,  2, 2,  1
BEAM,   3,  4,  2, 2,  1
---
MATERIAL,   210000000000,   300000000
MATERIAL,   70000000000,    300000000
---
NODELOAD,   2,  1000000,  0, 0
---
---
PIPE,   1,    0.99
PIPE,   0.8,  0.7
PIPE,   0.5,  0.4
PIPE,   0.4,  0.3
PIPE,   0.3,  0.2
---
IPE,    1,   1,     .1, .1
IPE,    1,   1,     .2, .2
IPE,    1,   .8,    .1, .1
IPE,    0.5, .5,    .1, .1
IPE,    0.5, .4,    .1, .1