NODE,   0,  10,    2,  2,  2
NODE,   0,  0,   1,  1,  1
NODE,   0, -10,    2,  2,  2
---
BEAM,   1,  2,  2, 2,  1
BEAM,   2,  3,  2, 2,  1
---
MATERIAL,   210000000000,   300000000,  0.3
MATERIAL,   70000000000,    300000000,  0.3
---
NODELOAD,   2,  -1000000,  0, 0
---
BEAMLOAD,   1,  -1800000,  0, -1800000, 0
BEAMLOAD,   2,  -1800000,  0, -1800000, 0
---
PIPE,   1,    0.9
PIPE,   1,    0.8
PIPE,   0.8,  0.9
PIPE,   0.4,  0.9
PIPE,   1,    0.8
---
IPE,    1,   1,  1,  .1, .1, .1
IPE,    1,   1,  1,  .2, .2, .2
IPE,    1,   .8, .8, .1, .1, .1
IPE,    0.5, .5, .5, .1, .1, .1
IPE,    0.5, .4, .4, .1, .1, .1