NODE,   -14.1,  0.0,    2,  2,  1
NODE,   14.1,   0.0,    2,  2,  1
NODE,   -11.9,  22.0,   1,  1,  1
NODE,   11.9,   22.0,   1,  1,  1
NODE,   -9.7,   44.0,   1,  1,  1
NODE,   9.7,    44.0,   1,  1,  1
NODE,   -7.5,   66.0,   1,  1,  1
NODE,   7.5,    66.0,   1,  1,  1
NODE,   -7.5,   82.0,   1,  1,  1
NODE,   7.5,    82.0,   1,  1,  1
NODE,   0.0,    82.0,   1,  1,  1
NODE,   0.0,    22.0,   1,  1,  1
NODE,   0.0,    66.0,   1,  1,  1
---
BEAM,   1,  3,  1, 2,  5
BEAM,   3,  5,  1, 2,  5
BEAM,   5,  7,  1, 2,  5
BEAM,   4,  2,  1, 2,  5
BEAM,   6,  4,  1, 2,  5
BEAM,   8,  6,  1, 2,  5
BEAM,   7,  9,  2, 1,  4
BEAM,   10, 8,  2, 1,  4
BEAM,   9,  11, 2, 1,  5
BEAM,   11, 10, 2, 1,  5
BEAM,   1,  2,  1, 2,  3
BEAM,   3,  12, 1, 2,  3
BEAM,   12, 4,  1, 2,  3
BEAM,   5,  6,  1, 2,  3
BEAM,   7,  13, 1, 2,  3
BEAM,   13, 8,  1, 2,  3
BEAM,   1,  12, 1, 2,  4
BEAM,   12, 2,  1, 2,  4
BEAM,   5,  12, 1, 2,  4
BEAM,   12, 6,  1, 2,  4
BEAM,   5,  13, 1, 2,  4
BEAM,   13, 6,  1, 2,  4
---
MATERIAL,   210000000000,   300000000
MATERIAL,   70000000000,    300000000
---
NODELOAD,   9,  0,  -3000000, 0
NODELOAD,   10, 0,  -3000000, 0
NODELOAD,   11, 0,  -1000000, 0
---
BEAMLOAD,   2,  0,      0,  180000, 0
BEAMLOAD,   3,  180000, 0,  540000, 0
BEAMLOAD,   5,  180000, 0,  0,      0
BEAMLOAD,   6,  540000, 0,  180000, 0
BEAMLOAD,   21, 180000, 0,  540000, 0
BEAMLOAD,   22, 540000, 0,  180000, 0
---
REFERENCEDIAMETER,  1.5
---
PIPE,   0.75, 0.7
PIPE,   0.8,  0.74
PIPE,   0.85,  0.79
PIPE,   0.95,  0.887
PIPE,   1,    0.93
---
IPE,    0.4, .18, .0086, .0135
IPE,    .6, .22, .012, .019
IPE,    0.75, .264, .012, .0155
IPE,    1, .3, .019, .036
IPE,    1.1, .4, .02, .036